711 
1756 
0 84 218 
0 164 165 
0 298 15 
1 21 18 
1 265 123 
2 6 39 
2 379 42 
3 302 10 
3 307 32 
4 154 84 
4 155 225 
5 299 71 
6 12 57 
6 676 19 
7 15 25 
8 199 26 
8 437 41 
8 526 45 
9 12 49 
9 200 92 
9 379 108 
10 16 26 
11 10 7 
12 9 49 
12 14 107 
13 7 5 
14 204 104 
14 672 8 
15 11 16 
15 297 341 
16 685 6 
17 169 129 
17 233 102 
17 234 80 
18 201 73 
18 204 12 
19 98 271 
20 23 22 
20 410 75 
21 326 100 
22 681 33 
23 323 79 
23 546 28 
24 25 61 
24 26 42 
24 29 114 
25 24 61 
25 26 61 
26 24 42 
26 25 61 
26 298 118 
27 28 66 
27 29 74 
27 477 39 
28 27 66 
28 29 60 
29 24 114 
29 27 74 
29 28 60 
30 33 179 
30 309 134 
30 451 50 
31 5 96 
31 330 279 
32 34 170 
32 217 92 
32 310 358 
33 30 179 
33 350 10 
33 678 192 
34 32 170 
34 36 101 
34 472 7 
35 34 130 
35 311 96 
36 149 63 
36 468 7 
37 206 24 
37 351 10 
38 168 73 
38 171 104 
39 52 43 
39 251 147 
39 252 89 
40 278 77 
40 304 36 
41 65 115 
41 70 54 
41 74 35 
42 365 47 
42 506 75 
42 507 72 
43 255 153 
43 281 15 
43 619 14 
44 64 79 
45 48 51 
45 375 52 
45 632 32 
46 73 37 
46 289 43 
46 616 90 
46 617 58 
47 52 82 
47 74 63 
47 252 37 
48 45 51 
48 189 36 
48 365 49 
49 192 121 
49 223 22 
49 369 72 
50 57 45 
50 90 194 
50 282 102 
50 623 19 
51 55 86 
51 65 158 
51 306 197 
51 362 182 
52 39 43 
52 47 82 
52 62 13 
53 72 47 
54 178 37 
55 51 86 
55 305 158 
55 420 66 
55 429 70 
56 59 43 
56 62 137 
56 251 43 
56 505 87 
57 50 45 
57 68 43 
57 291 33 
58 249 85 
58 252 147 
58 254 97 
59 56 43 
59 70 128 
59 247 37 
60 22 230 
60 305 8 
61 370 29 
61 610 62 
61 614 24 
62 52 13 
62 56 137 
62 70 45 
63 187 62 
63 506 4 
63 548 109 
64 44 79 
64 247 98 
64 363 30 
65 41 115 
65 51 158 
65 362 96 
66 375 45 
66 376 48 
66 634 82 
67 238 6 
67 573 37 
67 636 42 
68 57 43 
68 376 24 
68 635 78 
69 284 19 
69 306 10 
70 41 54 
70 59 128 
70 62 45 
71 188 45 
71 605 63 
71 621 37 
72 53 47 
72 632 104 
72 633 26 
73 46 37 
74 41 35 
74 47 63 
74 250 143 
75 79 132 
75 80 184 
75 509 54 
76 211 40 
76 706 225 
77 78 169 
77 480 43 
77 679 82 
78 77 169 
78 79 88 
78 157 50 
79 75 132 
79 78 88 
79 80 56 
79 510 76 
80 75 184 
80 79 56 
80 157 82 
81 141 79 
81 535 6 
81 549 6 
82 164 28 
82 270 32 
83 212 66 
83 560 133 
84 94 24 
84 163 104 
85 629 81 
86 630 85 
87 89 60 
87 90 55 
87 631 29 
87 634 47 
88 89 58 
88 92 93 
88 629 38 
89 87 60 
89 88 58 
89 93 97 
89 630 32 
90 50 194 
90 87 55 
90 635 39 
91 92 58 
92 88 93 
92 91 58 
92 93 60 
93 89 97 
93 92 60 
93 574 129 
94 1 57 
94 266 111 
95 19 162 
95 100 213 
95 686 6 
96 95 29 
96 578 124 
97 102 110 
97 467 92 
98 274 112 
98 588 55 
98 671 24 
99 97 61 
99 109 107 
100 95 213 
100 196 88 
100 577 5 
101 105 59 
101 535 6 
102 97 110 
102 104 114 
102 109 63 
102 110 54 
103 101 6 
103 107 133 
104 102 114 
104 110 64 
104 580 33 
105 101 59 
106 103 29 
106 116 97 
107 103 133 
108 195 42 
109 99 107 
109 102 63 
109 112 5 
110 102 54 
110 104 64 
110 113 13 
111 106 36 
111 554 84 
112 109 5 
112 114 22 
112 116 124 
113 110 13 
113 115 42 
113 127 195 
114 112 22 
114 115 33 
114 118 132 
115 113 42 
115 114 33 
115 129 187 
116 106 97 
116 112 124 
116 554 58 
116 556 19 
117 196 116 
118 114 132 
118 555 8 
118 556 11 
119 130 112 
120 131 192 
120 581 56 
121 124 106 
121 553 24 
121 555 64 
122 125 109 
122 595 38 
123 124 35 
123 553 104 
124 121 106 
124 123 35 
124 559 112 
125 122 109 
125 126 39 
125 587 84 
126 125 39 
127 113 195 
127 129 33 
127 272 32 
128 246 108 
128 582 41 
128 590 30 
129 115 187 
129 127 33 
129 130 37 
129 571 56 
130 119 112 
130 129 37 
130 131 6 
131 120 192 
131 130 6 
131 572 38 
132 223 6 
133 570 18 
133 598 144 
134 141 62 
134 162 72 
134 550 9 
135 139 86 
135 413 44 
135 415 2 
136 20 139 
136 140 39 
136 544 12 
137 143 32 
137 144 69 
137 147 83 
138 147 10 
138 160 39 
138 412 50 
139 135 86 
139 409 57 
139 412 45 
139 421 50 
140 136 39 
140 160 158 
140 409 24 
141 81 79 
141 134 62 
141 271 81 
142 144 21 
142 148 64 
142 271 86 
143 137 32 
143 160 90 
143 567 66 
144 137 69 
144 142 21 
144 145 74 
145 144 74 
145 146 16 
145 148 63 
146 145 16 
146 147 53 
146 413 45 
147 137 83 
147 138 10 
147 146 53 
148 142 64 
148 145 63 
148 532 38 
149 31 451 
149 473 5 
149 541 84 
150 152 65 
150 221 145 
150 460 58 
150 461 106 
151 210 76 
151 460 209 
152 150 65 
152 448 67 
152 459 56 
153 151 85 
153 459 155 
154 153 83 
154 458 110 
155 4 225 
155 156 69 
155 514 30 
156 155 69 
157 78 50 
157 80 82 
157 231 71 
158 209 33 
159 550 42 
160 138 39 
160 140 158 
160 143 90 
161 283 65 
161 543 94 
162 134 72 
162 551 14 
162 567 133 
163 84 104 
163 267 148 
163 269 35 
163 701 7 
164 0 165 
164 82 28 
164 563 64 
165 4 172 
165 522 7 
166 357 69 
166 442 18 
166 444 53 
167 168 126 
167 198 62 
167 457 55 
167 540 97 
168 38 73 
168 167 126 
168 201 84 
169 17 129 
169 170 17 
169 288 74 
169 525 96 
170 169 17 
170 662 24 
170 667 41 
171 38 104 
171 380 60 
171 662 106 
172 236 64 
173 179 31 
173 182 54 
173 530 93 
174 185 48 
174 241 49 
174 367 51 
175 176 24 
175 439 165 
175 539 3 
176 175 24 
176 183 86 
176 529 35 
177 240 75 
177 243 35 
177 636 34 
178 54 37 
178 180 35 
178 187 82 
179 173 31 
179 180 76 
179 456 27 
180 178 35 
180 179 76 
180 181 99 
181 180 99 
181 243 45 
181 456 36 
182 173 54 
182 184 45 
182 241 11 
183 176 86 
183 184 55 
183 530 66 
184 182 45 
184 183 55 
184 185 79 
185 174 48 
185 184 79 
185 529 19 
186 639 71 
187 63 62 
187 178 82 
187 639 40 
188 71 45 
188 373 83 
188 658 2 
189 48 36 
189 291 139 
189 373 62 
190 418 43 
190 671 18 
191 249 112 
191 254 81 
191 418 65 
191 430 141 
192 368 84 
192 608 81 
193 190 123 
193 253 99 
194 253 24 
195 108 42 
195 196 54 
195 593 158 
195 600 77 
196 100 88 
196 117 116 
196 195 54 
197 282 40 
197 660 72 
198 167 62 
198 200 68 
198 437 117 
199 8 26 
199 200 115 
199 576 39 
200 9 92 
200 198 68 
200 199 115 
201 18 73 
201 168 84 
201 203 71 
202 203 14 
203 201 71 
203 202 14 
203 204 151 
204 14 104 
204 18 12 
204 203 151 
205 454 72 
205 455 16 
205 466 100 
206 33 111 
206 452 27 
207 158 345 
207 706 43 
208 704 19 
209 7 318 
210 346 87 
210 461 235 
211 76 40 
212 83 66 
212 561 138 
213 359 64 
213 444 35 
213 694 197 
214 462 60 
214 518 50 
214 691 73 
215 216 35 
215 339 57 
215 341 68 
216 215 35 
216 447 84 
216 699 8 
217 32 92 
217 221 221 
217 448 258 
217 449 156 
218 449 13 
218 450 38 
218 466 15 
219 37 74 
219 450 112 
220 219 215 
220 221 140 
220 352 10 
221 150 145 
221 217 221 
221 220 140 
222 220 53 
222 353 11 
223 49 22 
224 225 66 
224 436 99 
224 438 12 
225 224 66 
225 227 25 
225 435 95 
226 364 63 
227 225 25 
227 228 55 
227 364 8 
228 227 55 
228 229 57 
228 501 64 
229 228 57 
229 230 26 
229 501 44 
229 503 24 
230 229 26 
231 157 71 
231 232 247 
231 361 37 
232 231 247 
233 17 102 
233 646 13 
233 653 75 
234 17 80 
234 645 24 
234 670 15 
235 381 91 
235 670 0 
236 172 64 
236 237 57 
236 641 43 
237 236 57 
237 643 68 
238 67 6 
238 239 98 
238 626 39 
239 238 98 
239 240 82 
239 288 6 
240 177 75 
240 239 82 
240 525 98 
241 174 49 
241 182 11 
241 242 51 
242 241 51 
242 243 48 
242 367 48 
242 456 55 
243 177 35 
243 181 45 
243 242 48 
244 624 77 
245 575 77 
245 648 33 
245 659 63 
246 128 108 
246 571 67 
247 59 37 
247 64 98 
247 248 49 
248 247 49 
248 431 7 
248 538 54 
249 58 85 
249 191 112 
249 250 19 
250 74 143 
250 249 19 
250 420 127 
251 39 147 
251 56 43 
251 440 16 
252 39 89 
252 47 37 
252 58 147 
252 605 61 
253 193 99 
253 194 24 
253 254 54 
253 608 147 
254 58 97 
254 191 81 
254 253 54 
255 43 153 
256 258 12 
257 258 262 
257 260 28 
257 545 35 
258 256 12 
258 257 262 
258 551 32 
259 260 229 
259 283 41 
259 544 127 
260 257 28 
260 259 229 
260 261 42 
261 260 42 
261 390 16 
261 422 145 
262 136 143 
262 545 11 
263 379 146 
263 432 31 
263 436 81 
263 539 59 
264 386 42 
264 394 62 
265 264 93 
265 266 67 
266 94 111 
266 265 67 
266 388 234 
266 700 11 
267 163 148 
267 268 82 
267 563 27 
268 267 82 
268 269 119 
268 565 49 
269 163 35 
269 268 119 
269 562 188 
270 82 32 
270 561 39 
271 141 81 
271 142 86 
271 534 71 
272 127 32 
272 593 40 
272 600 131 
273 274 46 
273 584 75 
273 589 24 
274 273 46 
274 286 62 
275 587 95 
275 588 102 
275 589 25 
276 40 161 
276 277 53 
277 276 53 
277 418 96 
277 426 55 
277 427 94 
278 40 77 
278 417 61 
278 419 42 
279 280 82 
279 378 49 
280 279 82 
280 370 75 
281 43 15 
281 378 47 
281 617 12 
282 50 102 
282 197 40 
283 161 65 
283 259 41 
283 393 29 
284 60 23 
284 402 156 
285 193 37 
285 286 23 
286 285 23 
286 583 9 
287 419 19 
287 429 43 
287 430 87 
288 169 74 
288 239 6 
288 654 36 
289 46 43 
289 371 63 
289 660 18 
289 661 37 
290 291 69 
290 371 56 
290 656 47 
291 57 33 
291 189 139 
291 290 69 
292 476 217 
292 698 108 
293 294 66 
294 293 66 
294 295 187 
294 403 37 
295 294 187 
295 300 223 
296 0 116 
297 15 341 
297 679 48 
298 0 15 
298 26 118 
298 696 107 
299 331 49 
299 446 492 
300 3 31 
300 307 40 
301 441 28 
302 301 35 
303 301 52 
303 302 30 
304 22 10 
304 305 233 
305 55 158 
305 60 8 
305 306 44 
306 51 197 
306 69 10 
306 303 207 
307 69 202 
308 310 14 
308 675 331 
309 30 134 
309 310 54 
310 32 358 
310 308 14 
310 311 219 
311 35 96 
311 312 117 
312 35 69 
312 474 6 
313 314 55 
313 320 37 
313 464 38 
314 313 55 
314 320 88 
314 465 46 
315 316 57 
315 319 44 
315 464 37 
316 315 57 
316 317 44 
316 465 36 
317 316 44 
317 319 53 
317 500 81 
318 319 76 
318 500 148 
319 315 44 
319 317 53 
319 318 76 
320 313 37 
320 314 88 
320 321 280 
321 320 280 
321 332 104 
322 468 178 
323 23 79 
323 395 51 
323 402 50 
324 396 67 
324 397 119 
325 326 115 
325 327 99 
325 408 122 
326 325 115 
326 328 96 
327 325 99 
327 328 132 
327 401 65 
328 327 132 
328 709 22 
329 519 88 
330 31 279 
330 519 25 
330 523 157 
331 298 191 
333 332 43 
333 524 157 
334 333 21 
335 447 9 
336 337 139 
336 338 28 
336 517 94 
337 336 139 
337 339 27 
337 517 101 
338 336 28 
338 339 139 
338 342 54 
339 215 57 
339 337 27 
339 338 139 
340 341 45 
340 343 59 
340 699 67 
341 215 68 
341 340 45 
341 342 75 
342 338 54 
342 341 75 
342 343 56 
343 340 59 
343 342 56 
343 689 41 
344 331 537 
344 688 112 
344 701 650 
345 694 20 
346 347 25 
346 349 323 
347 321 58 
348 347 322 
349 222 57 
350 33 10 
350 351 135 
351 37 10 
351 361 124 
351 513 145 
352 220 10 
352 353 54 
353 222 11 
353 348 58 
353 511 72 
354 349 48 
354 355 447 
355 354 447 
356 356 758 
356 462 199 
357 166 69 
357 358 15 
357 463 104 
358 357 15 
358 359 78 
358 697 99 
359 213 64 
359 358 78 
359 515 53 
360 361 98 
361 231 37 
361 351 124 
361 360 98 
362 51 182 
362 65 96 
362 431 182 
363 64 30 
363 505 49 
363 548 115 
364 226 63 
364 227 8 
364 434 84 
365 42 47 
365 48 49 
365 366 95 
366 365 95 
366 440 42 
366 604 33 
367 174 51 
367 242 48 
367 528 69 
368 192 84 
368 607 32 
368 613 20 
369 49 72 
369 613 96 
369 614 34 
370 61 29 
370 280 75 
370 619 18 
371 289 63 
371 290 56 
371 657 49 
372 601 75 
372 603 41 
372 658 33 
373 188 83 
373 189 62 
373 601 20 
374 375 29 
374 632 40 
374 633 105 
375 45 52 
375 66 45 
375 374 29 
376 66 48 
376 68 24 
376 377 81 
377 376 81 
377 634 36 
377 635 24 
378 279 49 
378 281 47 
378 661 43 
379 2 42 
379 9 108 
379 263 146 
380 171 60 
381 235 91 
382 383 32 
383 382 32 
383 624 53 
383 626 40 
383 650 28 
384 650 45 
385 386 23 
385 387 149 
385 393 124 
386 264 42 
386 385 23 
386 394 116 
387 385 149 
387 389 32 
387 392 65 
388 266 234 
388 392 36 
389 387 32 
389 393 28 
389 422 29 
390 261 16 
390 391 139 
390 684 138 
391 390 139 
391 392 34 
391 422 81 
392 387 65 
392 388 36 
392 391 34 
393 283 29 
393 385 124 
393 389 28 
394 161 52 
394 386 116 
395 323 51 
395 396 22 
395 405 35 
396 324 67 
396 395 22 
396 404 26 
397 398 101 
397 408 124 
398 397 101 
398 399 50 
398 407 43 
399 398 50 
399 400 29 
399 404 37 
400 399 29 
400 401 37 
400 405 36 
400 407 29 
401 327 65 
401 400 37 
401 403 37 
401 407 43 
402 284 156 
402 323 50 
402 406 79 
403 294 37 
403 401 37 
403 406 32 
404 396 26 
404 399 37 
404 405 23 
405 395 35 
405 400 36 
405 404 23 
405 406 68 
406 402 79 
406 403 32 
406 405 68 
407 398 43 
407 400 29 
407 401 43 
408 21 125 
408 325 122 
409 139 57 
409 140 24 
409 411 50 
410 411 101 
410 537 40 
411 409 50 
411 410 101 
411 536 51 
412 138 50 
412 139 45 
412 413 79 
413 135 44 
413 146 45 
413 412 79 
414 415 45 
414 416 54 
414 421 89 
415 135 2 
415 414 45 
415 531 65 
416 414 54 
416 686 53 
417 278 61 
417 425 39 
417 426 27 
418 190 43 
418 191 65 
418 277 96 
419 278 42 
419 287 19 
419 425 57 
420 55 66 
420 250 127 
420 428 77 
421 139 50 
421 414 89 
421 536 7 
422 261 145 
422 389 29 
422 391 81 
423 96 55 
423 424 83 
424 423 83 
425 417 39 
425 419 57 
425 427 27 
426 277 55 
426 417 27 
426 427 40 
427 277 94 
427 425 27 
427 426 40 
428 420 77 
428 429 86 
428 430 39 
429 55 70 
429 287 43 
429 428 86 
430 191 141 
430 287 87 
430 428 39 
431 248 7 
431 362 182 
431 538 98 
432 263 31 
432 433 55 
432 434 106 
432 435 82 
433 432 55 
434 364 84 
434 432 106 
434 435 26 
435 225 95 
435 432 82 
435 434 26 
435 436 35 
436 224 99 
436 263 81 
436 435 35 
437 8 41 
437 198 117 
437 527 42 
438 224 12 
438 439 5 
438 548 34 
439 175 165 
439 438 5 
439 530 62 
440 251 16 
440 366 42 
440 507 10 
441 683 8 
442 166 18 
442 475 164 
442 522 89 
443 444 77 
443 445 290 
444 166 53 
444 213 35 
444 443 77 
445 443 290 
445 446 140 
446 345 62 
446 445 140 
447 216 84 
447 335 9 
448 152 67 
448 217 258 
448 458 48 
449 217 156 
449 218 13 
449 450 261 
450 218 38 
450 219 112 
450 449 261 
451 30 50 
451 453 59 
451 455 79 
452 206 27 
452 453 123 
452 498 19 
453 451 59 
453 452 123 
453 454 70 
454 205 72 
454 453 70 
454 498 57 
454 499 65 
455 205 16 
455 451 79 
455 466 240 
456 179 27 
456 181 36 
456 242 55 
457 167 55 
457 525 43 
457 528 105 
458 154 110 
458 448 48 
458 459 64 
459 152 56 
459 153 155 
459 458 64 
459 460 66 
460 150 58 
460 151 209 
460 459 66 
460 461 57 
461 150 106 
461 210 235 
461 460 57 
462 214 60 
462 356 199 
462 463 96 
463 357 104 
463 462 96 
463 697 23 
464 313 38 
464 315 37 
464 465 54 
465 314 46 
465 316 36 
465 464 54 
466 205 100 
466 218 15 
466 455 240 
467 580 177 
467 687 3 
468 36 7 
468 322 178 
468 472 100 
469 5 8 
469 473 542 
470 482 24 
470 484 21 
470 488 19 
471 484 160 
471 511 80 
471 513 353 
472 34 7 
472 474 189 
473 149 5 
473 468 57 
474 441 16 
474 707 396 
475 442 164 
476 292 217 
476 477 68 
476 688 72 
477 27 39 
477 476 68 
477 688 111 
478 479 21 
478 485 16 
478 488 30 
479 478 21 
479 491 66 
479 493 50 
480 77 43 
480 491 163 
480 492 67 
481 492 105 
482 470 24 
483 485 37 
484 470 21 
484 471 160 
484 487 23 
485 478 16 
485 483 37 
485 487 22 
486 487 55 
487 484 23 
487 485 22 
487 486 55 
487 488 20 
488 470 19 
488 478 30 
488 487 20 
489 493 20 
490 491 67 
490 494 44 
490 496 56 
491 479 66 
491 480 163 
491 490 67 
491 492 96 
492 480 67 
492 481 105 
492 491 96 
493 479 50 
493 489 20 
493 496 12 
494 490 44 
495 496 19 
496 490 56 
496 493 12 
496 495 19 
497 498 80 
498 452 19 
498 454 57 
498 497 80 
499 454 65 
500 317 81 
500 318 148 
501 228 64 
501 229 44 
501 502 25 
502 501 25 
502 503 47 
502 504 73 
503 229 24 
503 502 47 
503 504 28 
504 502 73 
504 503 28 
504 538 25 
505 56 87 
505 363 49 
505 508 38 
506 42 75 
506 63 4 
506 508 52 
507 42 72 
507 440 10 
507 508 85 
508 505 38 
508 506 52 
508 507 85 
509 75 54 
509 510 133 
510 79 76 
510 509 133 
511 353 72 
511 471 80 
511 512 128 
512 511 128 
513 352 143 
513 471 353 
514 155 30 
515 359 53 
515 516 16 
515 691 59 
516 515 16 
517 336 94 
517 337 101 
517 693 23 
518 214 50 
519 329 88 
519 330 25 
519 521 144 
520 165 23 
520 521 15 
521 519 144 
521 520 15 
521 541 134 
522 165 7 
522 442 89 
522 523 28 
523 330 157 
523 520 4 
524 346 6 
524 522 591 
525 169 96 
525 240 98 
525 457 43 
526 8 45 
526 527 51 
526 539 36 
527 437 42 
527 526 51 
527 528 135 
527 529 36 
528 367 69 
528 457 105 
528 527 135 
529 176 35 
529 185 19 
529 527 36 
530 173 93 
530 183 66 
530 439 62 
531 415 65 
531 532 89 
532 148 38 
532 534 137 
532 687 5 
533 19 9 
533 416 109 
534 81 82 
534 271 71 
535 81 6 
535 99 60 
536 411 51 
536 421 7 
536 537 112 
537 536 112 
537 682 40 
538 248 54 
538 431 98 
538 504 25 
539 175 3 
539 263 59 
539 526 36 
540 167 97 
541 149 84 
541 521 134 
541 542 81 
542 541 81 
543 20 27 
543 544 141 
544 136 12 
544 259 127 
544 545 143 
545 257 35 
545 262 11 
545 552 116 
546 324 39 
546 543 22 
547 262 22 
547 567 90 
548 63 109 
548 363 115 
548 438 34 
549 101 6 
550 134 9 
550 159 42 
550 549 139 
551 162 14 
551 258 32 
551 550 86 
552 551 132 
552 567 12 
553 121 24 
553 123 104 
553 557 3 
554 111 84 
554 116 58 
554 557 17 
555 118 8 
555 121 64 
555 558 40 
556 116 19 
556 118 11 
556 557 60 
557 553 3 
557 554 17 
557 556 60 
558 555 40 
558 559 183 
558 581 7 
559 124 112 
559 558 183 
560 83 133 
560 562 165 
561 212 138 
561 270 39 
562 269 188 
562 560 165 
562 703 64 
563 164 64 
563 267 27 
563 564 81 
564 563 81 
565 268 49 
565 566 73 
565 703 42 
566 565 73 
567 143 66 
567 162 133 
567 547 90 
567 552 12 
568 569 97 
568 582 7 
568 591 36 
569 568 97 
570 133 18 
570 590 24 
571 129 56 
571 246 67 
572 131 38 
573 67 37 
574 93 129 
575 245 77 
576 199 39 
577 100 5 
577 578 167 
578 96 124 
578 577 167 
579 580 115 
580 104 33 
580 467 177 
580 579 115 
581 120 56 
581 558 7 
582 128 41 
582 568 7 
582 585 72 
583 584 64 
583 592 29 
584 273 75 
584 583 64 
584 592 100 
585 582 72 
585 586 11 
585 587 50 
586 585 11 
587 125 84 
587 275 95 
587 585 50 
588 98 55 
588 275 102 
588 589 88 
589 273 24 
589 275 25 
589 588 88 
590 128 30 
590 570 24 
591 568 36 
592 122 64 
592 584 100 
593 195 158 
593 272 40 
593 594 54 
594 593 54 
595 596 52 
595 597 47 
596 595 52 
597 132 27 
597 598 74 
598 133 144 
598 597 74 
599 600 33 
600 195 77 
600 272 131 
600 599 33 
601 372 75 
601 373 20 
601 602 41 
602 601 41 
602 603 69 
602 656 24 
603 372 41 
603 602 69 
603 657 20 
604 366 33 
605 71 63 
605 252 61 
605 606 49 
605 616 110 
606 605 49 
607 368 32 
607 609 186 
607 611 66 
608 253 147 
608 285 20 
609 607 186 
610 61 62 
610 611 27 
610 615 27 
611 607 66 
611 610 27 
611 612 52 
612 611 52 
612 613 18 
612 615 49 
613 368 20 
613 369 96 
613 612 18 
614 61 24 
614 369 34 
614 615 62 
615 610 27 
615 612 49 
615 614 62 
616 46 90 
616 605 110 
616 621 9 
617 46 58 
617 281 12 
617 618 57 
618 617 57 
619 43 14 
619 370 18 
619 620 74 
620 619 74 
621 71 37 
621 616 9 
621 658 48 
622 623 58 
623 50 19 
623 622 58 
624 244 77 
624 383 53 
624 625 32 
625 624 32 
626 238 39 
626 383 40 
626 627 33 
627 626 33 
628 629 61 
629 85 81 
629 88 38 
629 628 61 
630 86 85 
630 89 32 
630 631 58 
631 87 29 
631 630 58 
631 633 8 
632 45 32 
632 72 104 
632 374 40 
633 72 26 
633 374 105 
633 631 8 
634 66 82 
634 87 47 
634 377 36 
635 68 78 
635 90 39 
635 377 24 
636 67 42 
636 177 34 
636 637 48 
637 636 48 
638 639 86 
639 186 71 
639 187 40 
639 638 86 
640 643 23 
641 236 43 
641 642 50 
641 645 22 
642 641 50 
643 237 68 
643 640 23 
643 644 7 
644 643 7 
644 645 181 
644 659 103 
645 234 24 
645 641 22 
645 644 181 
646 233 13 
646 647 51 
646 654 96 
647 646 51 
648 245 33 
648 649 116 
648 653 93 
649 648 116 
649 650 60 
649 651 7 
650 383 28 
650 384 45 
650 649 60 
651 649 7 
652 653 33 
653 233 75 
653 648 93 
653 652 33 
654 288 36 
654 646 96 
654 655 79 
655 654 79 
656 290 47 
656 602 24 
656 657 65 
657 371 49 
657 603 20 
657 656 65 
658 188 2 
658 372 33 
658 621 48 
659 245 63 
659 644 103 
660 197 72 
660 289 18 
660 661 61 
661 289 37 
661 378 43 
661 660 61 
662 170 24 
662 171 106 
662 663 38 
663 662 38 
663 664 103 
663 667 25 
664 663 103 
664 665 14 
664 666 28 
665 664 14 
666 664 28 
666 667 102 
666 669 22 
667 170 41 
667 663 25 
667 666 102 
668 669 42 
669 666 22 
669 668 42 
669 670 42 
670 234 15 
670 235 0 
670 669 42 
671 98 24 
671 276 77 
672 14 8 
672 676 161 
673 680 17 
674 309 273 
674 675 19 
675 2 32 
676 677 19 
677 350 203 
677 678 19 
678 674 32 
679 77 82 
680 672 87 
681 23 154 
681 682 23 
682 533 42 
682 681 23 
683 308 345 
683 312 15 
684 390 138 
685 13 9 
686 95 6 
686 531 25 
687 423 29 
687 532 5 
688 344 112 
688 476 72 
688 477 111 
689 343 41 
690 691 16 
690 692 59 
690 697 70 
691 214 73 
691 515 59 
691 690 16 
692 690 59 
693 517 23 
694 213 197 
694 335 256 
695 699 166 
696 296 52 
697 358 99 
697 463 23 
697 690 70 
698 292 108 
698 344 106 
699 216 8 
699 340 67 
699 695 166 
700 266 11 
700 345 678 
700 701 9 
701 163 7 
701 700 9 
702 703 27 
703 562 64 
703 565 42 
703 702 27 
704 705 47 
705 207 15 
706 76 225 
706 208 6 
707 708 22 
707 710 28 
708 295 60 
709 708 23 
709 710 20 
710 469 211 
