120 
270 
0 44 10 
0 49 32 
2 117 33 
3 51 134 
3 93 50 
4 5 170 
4 21 92 
4 52 358 
5 4 170 
5 7 101 
5 98 7 
6 5 130 
6 53 96 
7 16 63 
7 97 7 
8 35 77 
8 46 36 
9 13 79 
10 11 86 
10 14 158 
10 48 197 
10 64 182 
11 10 86 
11 47 158 
11 77 66 
11 82 70 
12 2 230 
12 47 8 
13 9 79 
13 33 98 
13 65 30 
14 10 158 
14 64 96 
15 36 19 
15 48 10 
16 99 5 
16 114 84 
17 18 65 
17 24 145 
18 17 65 
18 90 67 
19 109 7 
20 94 72 
20 95 16 
20 96 100 
21 4 92 
21 24 221 
21 90 258 
21 91 156 
22 91 13 
22 92 38 
22 96 15 
23 24 140 
23 62 10 
24 17 145 
24 21 221 
24 23 140 
25 23 53 
25 63 11 
26 27 66 
26 87 12 
27 26 66 
27 29 25 
27 86 95 
28 66 63 
29 27 25 
29 30 55 
29 66 8 
30 29 55 
30 31 57 
30 102 64 
31 30 57 
31 32 26 
31 102 44 
31 104 24 
32 31 26 
33 13 98 
33 34 49 
34 33 49 
34 84 7 
34 113 54 
35 8 77 
35 75 61 
35 76 42 
36 12 23 
36 70 156 
37 76 19 
37 82 43 
37 83 87 
38 39 66 
39 38 66 
39 40 187 
39 71 37 
40 39 187 
40 41 13 
40 42 223 
41 40 13 
42 0 31 
42 49 40 
43 89 28 
44 43 35 
45 43 52 
45 44 30 
46 2 10 
46 47 233 
47 11 158 
47 12 8 
47 48 44 
48 10 197 
48 15 10 
48 45 207 
49 15 202 
50 52 14 
51 3 134 
51 52 54 
52 4 358 
52 50 14 
52 53 219 
53 6 96 
53 54 117 
54 6 69 
54 100 6 
55 97 178 
56 67 51 
56 70 50 
57 59 96 
58 59 132 
58 69 65 
59 40 106 
59 58 132 
60 106 88 
61 106 25 
61 110 157 
62 23 10 
62 63 54 
63 25 11 
64 10 182 
64 14 96 
64 84 182 
65 13 30 
65 116 115 
66 28 63 
66 29 8 
66 85 84 
67 56 51 
67 72 35 
68 69 37 
68 72 36 
68 74 29 
69 58 65 
69 68 37 
69 71 37 
69 74 43 
70 36 156 
70 56 50 
70 73 79 
71 39 37 
71 69 37 
71 73 32 
72 67 35 
72 68 36 
72 73 68 
73 70 79 
73 71 32 
73 72 68 
74 68 29 
74 69 43 
75 35 61 
75 78 39 
75 79 27 
76 35 42 
76 37 19 
76 78 57 
77 11 66 
77 81 77 
78 75 39 
78 76 57 
78 80 27 
79 75 27 
79 80 40 
80 78 27 
80 79 40 
81 77 77 
81 82 86 
81 83 39 
82 11 70 
82 37 43 
82 81 86 
83 37 87 
83 81 39 
84 34 7 
84 64 182 
84 113 98 
85 66 84 
85 86 26 
86 27 95 
86 85 26 
87 26 12 
87 88 5 
87 116 34 
88 87 5 
88 111 62 
89 119 8 
90 18 67 
90 21 258 
91 21 156 
91 22 13 
91 92 261 
92 22 38 
92 91 261 
93 3 50 
93 95 79 
94 20 72 
94 101 65 
95 20 16 
95 93 79 
95 96 240 
96 20 100 
96 22 15 
96 95 240 
97 7 7 
97 55 178 
97 98 100 
98 5 7 
98 100 189 
99 16 5 
99 97 57 
100 41 339 
100 89 16 
101 94 65 
102 30 64 
102 31 44 
102 103 25 
103 102 25 
103 104 47 
103 105 73 
104 31 24 
104 103 47 
104 105 28 
105 103 73 
105 104 28 
105 113 25 
106 60 88 
106 61 25 
106 108 144 
107 19 23 
107 108 15 
108 106 144 
108 107 15 
108 114 134 
109 19 7 
109 110 28 
110 61 157 
110 107 4 
111 88 62 
112 1 9 
113 34 54 
113 84 98 
113 105 25 
114 16 84 
114 108 134 
114 115 81 
115 114 81 
116 65 115 
116 87 34 
117 118 23 
118 112 42 
118 117 23 
119 50 345 
119 54 15 
